10																			
83.50081	31.64325	5896	3.830	0.441	-9999	-9999	3.758	0.372	-9999	-9999	-9999	-9999	-9999	-9999	-9999	-9999	-9999	-9999	-1 -1 -1 -1 -1 -1 -1 -1 -1 -1 -1 -1 -1 -1 -1 -1 -1 -1 -1 -1 -1 -1 -1 -1 -1 -1 -1 -1 -1 -1 -1 -1 -1 -1
83.50126	31.64263	5800	3.789	0.769	-9999	-9999	5.557	1.177	-9999	-9999	-9999	-9999	-9999	-9999	-9999	-9999	-9999	-9999	-1 -1 -1 -1 -1 -1 -1 -1 -1 -1 -1 -1 -1 -1 -1 -1 -1 -1 -1 -1 -1 -1 -1 -1 -1 -1 -1 -1 -1 -1 -1 -1 -1 -1
83.50899	31.64332	5726	3.205	0.549	-9999	-9999	3.979	0.470	-9999	-9999	-9999	-9999	-9999	-9999	-9999	-9999	-9999	-9999	-1 -1 -1 -1 -1 -1 -1 -1 -1 -1 -1 -1 -1 -1 -1 -1 -1 -1 -1 -1 -1 -1 -1 -1 -1 -1 -1 -1 -1 -1 -1 -1 -1 -1
83.51051	31.64355	5708	2.717	0.434	-9999	-9999	4.376	0.350	-9999	-9999	-9999	-9999	-9999	-9999	-9999	-9999	-9999	-9999	-1 -1 -1 -1 -1 -1 -1 -1 -1 -1 -1 -1 -1 -1 -1 -1 -1 -1 -1 -1 -1 -1 -1 -1 -1 -1 -1 -1 -1 -1 -1 -1 -1 -1
83.51208	31.64389	5687	2.694	1.173	-9999	-9999	3.765	0.301	-9999	-9999	-9999	-9999	-9999	-9999	-9999	-9999	-9999	-9999	-1 -1 -1 -1 -1 -1 -1 -1 -1 -1 -1 -1 -1 -1 -1 -1 -1 -1 -1 -1 -1 -1 -1 -1 -1 -1 -1 -1 -1 -1 -1 -1 -1 -1
83.52605	31.61937	5386	-9999	-9999	-9999	-9999	3.923	0.322	-9999	-9999	-9999	-9999	-9999	-9999	-9999	-9999	-9999	-9999	-1 -1 -1 -1 -1 -1 -1 -1 -1 -1 -1 -1 -1 -1 -1 -1 -1 -1 -1 -1 -1 -1 -1 -1 -1 -1 -1 -1 -1 -1 -1 -1 -1 -1
83.53837	31.61040	5199	1.770	0.100	-9999	-9999	3.498	0.321	-9999	-9999	-9999	-9999	-9999	-9999	-9999	-9999	-9999	-9999	-1 -1 -1 -1 -1 -1 -1 -1 -1 -1 -1 -1 -1 -1 -1 -1 -1 -1 -1 -1 -1 -1 -1 -1 -1 -1 -1 -1 -1 -1 -1 -1 -1 -1
83.48471	31.62615	5842	-9999	-9999	-9999	-9999	-9999	-9999	-9999	-9999	-9999	-9999	-9999	-9999	-9999	-9999	-9999	-9999	-1 -1 -1 -1 -1 -1 -1 -1 -1 -1 -1 -1 -1 -1 -1 -1 -1 -1 -1 -1 -1 -1 -1 -1 -1 -1 -1 -1 -1 -1 -1 -1 -1 -1
83.47056	31.62710    6021	-9999	-9999	-9999	-9999	-9999	-9999	-9999	-9999	-9999	-9999	-9999	-9999	-9999	-9999	-9999	-9999	-1 -1 -1 -1 -1 -1 -1 -1 -1 -1 -1 -1 -1 -1 -1 -1 -1 -1 -1 -1 -1 -1 -1 -1 -1 -1 -1 -1 -1 -1 -1 -1 -1 -1
83.45203	31.63095	6222	-9999	-9999	-9999	-9999	-9999	-9999	-9999	-9999	-9999	-9999	-9999	-9999	-9999	-9999	-9999	-9999	-1 -1 -1 -1 -1 -1 -1 -1 -1 -1 -1 -1 -1 -1 -1 -1 -1 -1 -1 -1 -1 -1 -1 -1 -1 -1 -1 -1 -1 -1 -1 -1 -1 -1
